%YAML:1.0
---
tf: !!opencv-matrix
   rows: 4
   cols: 4
   dt: d
   data: [ -3.6732051031940216e-06, -9.9999999998650746e-01,
       -3.6732051033605551e-06, 4.6800000000000001e-03, 0.,
       -3.6732051031940216e-06, 9.9999999999325362e-01,
       7.0750000000000007e-02, -9.9999999999325362e-01,
       3.6732051033605551e-06, 1.3492540418269527e-11,
       7.5304489999999991e-01, 0., 0., 0., 1. ]
