%YAML:1.0
---
tf: !!opencv-matrix
   rows: 4
   cols: 4
   dt: d
   data: [ -3.6732051031940216e-06, 0., -9.9999999999325362e-01,
       -2.6900008686948618e-01, -9.9999999998650746e-01,
       -3.6732051031940216e-06, 3.6732051033605551e-06,
       -2.3648767639368740e-02, -3.6732051033605551e-06,
       9.9999999999325362e-01, 1.3492540418269527e-11,
       -6.6500086867222669e-02, 0., 0., 0., 1. ]
