%YAML:1.0
---
tf: !!opencv-matrix
   rows: 4
   cols: 4
   dt: d
   data: [ 4.8965276278067904e-12, 4.8965276278067904e-12, 1., 0., -1.,
       0., 4.8965276278067904e-12, 1.4999999999999999e-02, 0., -1.,
       4.8965276278067904e-12, 0., 0., 0., 0., 1. ]
