%YAML:1.0
---
tf: !!opencv-matrix
   rows: 4
   cols: 4
   dt: d
   data: [ 0., 9.9999999999325384e-01, -3.6732099997771606e-06,
       -2.6900008686948618e-01, 3.6732002067219049e-06,
       -3.6732099997216494e-06, -9.9999999998650757e-01,
       -2.3648822737445285e-02, -9.9999999999325384e-01,
       -1.3492429395967065e-11, -3.6732002066663938e-06,
       -5.1500086867323852e-02, 0., 0., 0., 1. ]
