%YAML:1.0
---
tf: !!opencv-matrix
   rows: 4
   cols: 4
   dt: d
   data: [ 4.8965276278067904e-12, 4.8965276278067904e-12, 1.,
       2.8330000000000001e-02, -1., 0., 4.8965276278067904e-12,
       1.9250000000000003e-02, 0., -1., 4.8965276278067904e-12,
       1.0220449000000000e+00, 0., 0., 0., 1. ]
